0.00
0.00
0.00
0.00
0.00
0.00
0.00
0.00
0.00
0.00
0.00
0.00
0.00
0.00
0.00
0.00
0.00
0.00
0.00
0.00
0.00
0.00
0.00
0.00
0.00
0.00
0.00
0.00
0.00
0.00
0.00
0.00
0.00
0.00
0.00
0.00
0.00
0.00
0.00
0.00
0.00
0.00
0.00
0.00
0.00
0.00
0.00
0.00
0.00
0.00
0.00
0.00
0.00
0.00
0.00
0.00
0.00
0.00
0.00
0.00
0.00
0.00
0.00
0.00
0.00
0.00
0.00
0.00
0.00
0.00
0.00
0.00
0.00
0.00
0.00
0.00
0.00
4.44
4.44
4.44
4.44
8.89
8.89
11.11
11.11
15.56
8.89
8.89
17.78
17.78
22.22
22.22
26.67
26.67
28.89
15.56
15.56
33.33
33.33
35.56
35.56
40.00
20.00
20.00
42.22
42.22
46.67
24.44
24.44
51.11
51.11
53.33
53.33
55.56
28.89
28.89
62.22
62.22
64.44
33.33
33.33
66.67
66.67
71.11
71.11
71.11
37.78
37.78
77.78
77.78
80.00
42.22
42.22
84.44
84.44
88.89
44.44
44.44
93.33
93.33
97.78
48.89
48.89
102.22
102.22
117.78
62.22
57.78
57.78
113.33
66.67
66.67
120.00
66.67
66.67
126.67
73.33
73.33
131.11
77.78
77.78
137.78
80.00
80.00
140.00
82.22
75.56
75.56
151.11
88.89
88.89
157.78
88.89
80.00
80.00
160.00
91.11
91.11
168.89
95.56
88.89
88.89
173.33
100.00
100.00
100.00
100.00
202.22
104.44
102.22
100.00
100.00
195.56
102.22
104.44
104.44
104.44
208.89
106.67
106.67
106.67
106.67
215.56
108.89
108.89
111.11
111.11
111.11
224.44
113.33
115.56
111.11
111.11
224.44
115.56
117.78
117.78
117.78
117.78
231.11
120.00
115.56
120.00
117.78
117.78
237.78
117.78
120.00
120.00
122.22
122.22
242.22
122.22
122.22
122.22
122.22
122.22
122.22
246.67
124.44
124.44
126.67
124.44
124.44
124.44
251.11
128.89
126.67
126.67
126.67
126.67
126.67
253.33
131.11
131.11
128.89
126.67
126.67
128.89
128.89
262.22
131.11
131.11
128.89
128.89
128.89
128.89
262.22
131.11
133.33
133.33
131.11
133.33
133.33
133.33
133.33
262.22
135.56
131.11
133.33
131.11
131.11
135.56
135.56
266.67
133.33
131.11
133.33
133.33
133.33
133.33
133.33
264.44
135.56
133.33
135.56
133.33
133.33
133.33
133.33
268.89
137.78
133.33
133.33
135.56
135.56
135.56
135.56
268.89
140.00
135.56
135.56
135.56
135.56
135.56
135.56
268.89
140.00
137.78
135.56
135.56
137.78
137.78
135.56
135.56
271.11
137.78
135.56
135.56
137.78
135.56
135.56
135.56
271.11
137.78
140.00
137.78
135.56
135.56
137.78
137.78
137.78
273.33
140.00
140.00
137.78
140.00
137.78
135.56
137.78
137.78
273.33
144.44
135.56
135.56
137.78
137.78
137.78
137.78
137.78
273.33
140.00
142.22
140.00
142.22
137.78
137.78
137.78
137.78
275.56
140.00
137.78
137.78
137.78
140.00
135.56
135.56
275.56
137.78
137.78
140.00
137.78
137.78
137.78
137.78
137.78
280.00
140.00
142.22
140.00
140.00
140.00
137.78
137.78
137.78
275.56
142.22
140.00
140.00
140.00
140.00
140.00
142.22
140.00
140.00
280.00
140.00
142.22
144.44
137.78
137.78
137.78
140.00
140.00
277.78
137.78
137.78
140.00
144.44
140.00
140.00
137.78
137.78
277.78
142.22
142.22
142.22
140.00
140.00
142.22
140.00
140.00
140.00
277.78
142.22
140.00
142.22
140.00
135.56
140.00
140.00
140.00
280.00
140.00
140.00
142.22
140.00
137.78
140.00
135.56
135.56
277.78
140.00
140.00
140.00
140.00
140.00
140.00
142.22
140.00
140.00
280.00
142.22
140.00
142.22
144.44
140.00
140.00
140.00
140.00
277.78
142.22
140.00
142.22
140.00
137.78
140.00
140.00
142.22
142.22
280.00
142.22
140.00
140.00
142.22
140.00
140.00
140.00
140.00
140.00
282.22
140.00
140.00
140.00
142.22
142.22
140.00
140.00
140.00
140.00
280.00
142.22
142.22
140.00
137.78
140.00
137.78
140.00
140.00
280.00
142.22
142.22
144.44
142.22
142.22
140.00
142.22
140.00
140.00
280.00
144.44
140.00
142.22
142.22
142.22
140.00
140.00
142.22
142.22
280.00
140.00
140.00
142.22
146.67
140.00
140.00
137.78
137.78
280.00
142.22
140.00
140.00
140.00
140.00
140.00
137.78
137.78
280.00
140.00
142.22
142.22
140.00
140.00
137.78
140.00
142.22
142.22
280.00
140.00
142.22
140.00
144.44
142.22
140.00
140.00
142.22
142.22
282.22
142.22
140.00
144.44
142.22
142.22
140.00
142.22
142.22
142.22
280.00
142.22
140.00
140.00
140.00
140.00
140.00
142.22
142.22
277.78
140.00
142.22
140.00
142.22
140.00
142.22
140.00
142.22
142.22
277.78
142.22
140.00
144.44
142.22
142.22
140.00
140.00
142.22
142.22
282.22
140.00
140.00
142.22
142.22
140.00
140.00
137.78
140.00
140.00
284.44
140.00
140.00
142.22
140.00
142.22
140.00
140.00
142.22
142.22
280.00
144.44
142.22
144.44
140.00
140.00
140.00
144.44
142.22
142.22
280.00
142.22
142.22
140.00
140.00
140.00
137.78
142.22
142.22
277.78
144.44
140.00
144.44
140.00
140.00
140.00
140.00
142.22
142.22
282.22
140.00
142.22
140.00
144.44
140.00
140.00
142.22
142.22
142.22
282.22
142.22
140.00
140.00
142.22
142.22
140.00
140.00
140.00
140.00
282.22
142.22
140.00
140.00
142.22
140.00
142.22
144.44
140.00
140.00
282.22
142.22
144.44
140.00
140.00
